60 93
73
33 14 0 57
25 15 12 0
16 18 0 27
21 12 37 0
12 18 0 0
34 6 14 82
14 13 0 74
25 7 35 41
9 18 51 61
12 13 48 48
23 6 28 76
10 12 28 15
10 12 38 48
16 7 44 20
12 9 16 48
21 5 2 18
14 7 26 27
5 18 33 52
6 15 38 12
10 9 18 39
14 6 14 76
14 6 35 70
16 5 44 15
16 5 28 88
6 13 54 80
11 7 40 32
8 9 16 23
14 5 40 27
13 5 22 71
21 3 0 71
6 9 0 45
6 9 48 84
3 18 28 34
12 4 14 88
16 3 44 12
6 7 34 34
6 7 38 63
4 10 31 42
13 3 2 23
6 6 54 27
12 3 0 54
6 6 0 87
12 3 6 45
5 7 23 15
7 5 6 48
5 7 19 32
6 5 54 35
6 5 6 87
3 9 51 32
3 9 13 48
5 5 28 52
8 3 12 15
2 12 58 0
11 2 40 39
3 7 31 35
7 3 41 60
3 7 16 32
2 10 24 23
2 9 49 67
2 9 0 18
4 4 24 35
3 5 51 79
4 3 44 88
6 2 44 65
6 2 54 33
3 2 44 91
6 1 44 64
3 2 45 67
2 3 20 15
3 2 18 74
4 1 47 63
3 1 21 92
2 1 24 22
