60 102
73
33 14 10 19
25 15 32 3
16 18 14 34
21 12 9 52
12 18 30 40
34 6 0 77
14 13 12 3
25 7 0 70
9 18 36 84
12 13 0 33
23 6 0 64
10 12 0 20
10 12 50 90
16 7 0 83
12 9 0 7
21 5 23 64
14 7 43 39
5 18 45 84
6 15 52 46
10 9 0 93
14 6 0 46
14 6 43 25
16 5 38 70
16 5 17 97
6 13 54 70
11 7 43 31
8 9 46 75
14 5 46 61
13 5 44 20
21 3 0 16
6 9 0 55
6 9 26 4
3 18 33 84
12 4 0 3
16 3 22 0
6 7 22 84
6 7 16 83
4 10 34 74
13 3 30 33
6 6 54 32
12 3 41 0
6 6 10 96
12 3 0 0
5 7 47 46
7 5 26 91
5 7 28 83
6 5 46 56
6 5 16 91
3 9 57 22
3 9 57 9
5 5 26 13
8 3 1 52
2 12 44 50
11 2 31 62
3 7 41 77
7 3 53 0
3 7 57 83
2 10 42 50
2 9 58 46
2 9 44 75
4 4 42 46
3 5 57 3
4 3 53 66
6 2 46 18
6 2 35 38
3 2 38 1
6 1 54 18
3 2 57 20
2 3 30 69
3 2 19 0
4 1 53 38
3 1 27 3
2 1 52 18
