60 105
73
33 14 13 49 0
25 15 14 80 0
16 18 0 17 0
21 12 19 68 0
12 18 0 36 1
34 6 18 14 0
14 13 46 55 0
25 7 44 80 1
9 18 0 70 0
12 13 19 0 0
23 6 54 16 1
10 12 22 20 1
10 12 4 93 0
16 7 53 39 1
12 9 31 34 1
21 5 51 80 1
14 7 0 0 0
5 18 19 63 1
6 15 46 20 0
10 9 31 4 1
14 6 40 35 1
14 6 46 0 1
16 5 14 63 1
16 5 52 0 1
6 13 40 74 1
11 7 46 35 1
8 9 9 7 1
14 5 39 91 1
13 5 16 100 0
21 3 19 46 0
6 9 44 68 1
6 9 3 7 0
3 18 14 96 1
12 4 0 53 1
16 3 0 88 1
6 7 6 63 0
6 7 22 39 0
4 10 41 25 0
13 3 57 0 1
6 6 22 33 0
12 3 56 84 1
6 6 16 20 0
12 3 56 72 1
5 7 6 88 1
7 5 14 0 1
5 7 36 26 0
6 5 9 70 1
6 5 0 65 0
3 9 51 101 1
3 9 0 7 0
5 5 8 48 0
8 3 16 28 1
2 12 34 22 1
11 2 52 22 1
3 7 19 30 0
7 3 9 76 1
3 7 28 39 0
2 10 34 24 0
2 9 32 95 0
2 9 40 4 0
4 4 37 0 0
3 5 43 3 0
4 3 57 68 1
6 2 14 99 1
6 2 12 63 1
3 2 42 0 1
6 1 45 27 1
3 2 37 20 0
2 3 44 0 0
3 2 34 102 1
4 1 41 0 1
3 1 59 13 1
2 1 56 104 0
