60 91
73
33 14 0 0
25 15 14 14
16 18 16 58
21 12 39 13
12 18 0 30
34 6 26 82
14 13 0 67
25 7 26 46
9 18 17 40
12 13 47 0
23 6 26 40
10 12 0 55
10 12 39 59
16 7 12 33
12 9 0 21
21 5 28 35
14 7 0 14
6 15 49 53
5 18 55 64
10 9 50 30
14 6 33 0
14 6 33 6
16 5 34 30
16 5 44 25
6 13 32 69
11 7 0 48
8 9 38 71
14 5 6 81
13 5 13 86
21 3 39 88
6 9 0 80
6 9 49 68
3 18 14 40
16 3 32 53
12 4 14 29
6 7 10 59
6 7 32 59
4 10 56 45
13 3 26 88
6 6 54 39
6 6 26 76
12 3 32 56
12 3 14 76
5 7 49 39
7 5 6 86
5 7 51 46
6 5 26 53
6 5 49 77
3 9 55 55
3 9 46 71
5 5 39 25
2 12 12 21
8 3 26 29
11 2 38 80
7 3 32 66
3 7 20 79
3 7 23 79
2 10 14 66
2 9 12 40
2 9 58 55
4 4 10 55
3 5 11 49
4 3 44 56
6 2 0 89
6 2 14 79
3 2 33 12
3 2 36 12
6 1 26 32
3 2 28 33
2 3 32 32
4 1 10 66
3 1 34 29
2 1 14 58
